0.99853094
1.31559753
1.47055422
0.48084890
0.47294078
1.36517923
0.94884094
1.15078419
1.48707129
1.53771487
1.30280678
1.15182899
1.75198756
1.74366431
0.45590743
0.15350240
1.86157123
0.67657510
1.03713497
1.12161471
1.04055348
0.21708066
1.23947713
2.25869762
0.43574098
1.38121946
0.64537817
0.21708066
0.99824726
0.96309301
1.45574352
0.84075778
0.23644405
1.35218941
0.54665816
0.75871540
0.46005263
1.38518331
0.16181604
2.25974439
0.30160726
1.80912892
1.20427692
0.13203796
1.46465715
0.30160682
0.18569006
0.24376079
1.35301301
1.36659760
2.64056358
0.97400299
0.83949281
1.62450685
0.00000000
1.22298380
1.02405400
2.34270154
1.28141858
0.94264476
0.70328182
1.88329225
0.69854322
0.85667712
1.82013863
0.82901962
1.17970379
0.50082276
1.65257535
0.68730089
0.41649670
0.75956207
1.18315469
1.23817437
1.45997092
0.74980013
0.86977184
1.15345264
0.11961168
0.83505229
1.40910205
0.78994514
1.25629125
0.81855681
0.28713673
1.78908059
0.09718027
1.30943218
0.48364050
1.42056724
0.81207074
1.13776570
1.66539840
1.26995170
0.85633974
0.97858935
1.22545559
0.76024691
1.78361439
0.66959146
1.13980750
0.09483496
0.99101990
1.00142910
0.99087054
1.00100739
2.43574320
1.27465234
0.78635443
0.87363786
1.56753765
-0.34189637
0.65449085
1.58550845
1.15839883
0.24164853
1.52047590
0.87586748
2.33184821
0.84762146
1.91850823
0.49989701
1.22137823
0.53957527
0.77149529
0.54637251
0.63732814
1.29330447
0.15726124
0.72261052
1.20549790
1.31190761
1.76046367
0.50898891
1.46109521
0.96643807
0.80248888
1.71681782
1.78166607
1.09550913
0.72771167
0.93768272
0.91725844
0.47604542
0.83073692
1.64182330
1.53497301
1.01502768
1.02246299
2.16379572
0.92324488
0.81082619
1.68405051
1.15044215
0.88047741
0.46063356
1.28940430
1.22265250
0.88145711
1.13941453
1.82492417
1.47302274
1.66505293
1.11543021
1.21653791
1.68418154
0.78409455
0.58087105
0.54806869
0.58005301
0.92916689
1.13476281
1.79158654
1.09146969
1.71691416
1.14077630
0.61505633
0.78901221
1.35494209
0.18770581
1.80890041
2.00267927
1.28170224
1.52747275
1.48473004
0.82566413
0.81549021
1.41650567
1.21051151
1.23898824
1.24947327
0.31672940
0.54227681
2.79009113
1.83546573
1.14420586
1.64089923
1.01975781
1.21384977
0.76201654
0.91513879
2.04169965
2.32375513
2.02271964
0.97574442
0.74163225
1.50613058
1.79008328
0.32745739
1.33497676
0.09841763
0.81191593
1.14987489
0.66800961
1.30667479
1.27082747
0.28306310
0.20746967
1.69853416
0.80045415
0.62763614
1.22487897
1.30360330
0.97343490
0.72808859
1.14419594
1.54160933
1.86686573
1.05763978
2.33068691
-0.06401755
2.12609414
0.56964834
0.75151965
1.50319257
0.72652941
0.89953601
1.23412219
1.07991951
0.44992711
1.18415681
1.12267450
0.51775901
1.15124029
1.06389621
-1.84296307
2.15299418
1.05435136
1.91123127
0.72607632
0.73707233
1.13144047
1.27249338
1.32202013
1.44232721
1.24966411
0.92718711
0.87769347
0.72635263
1.89818869
0.81235273
0.89805719
1.31706238
0.67525585
0.53492272
0.68113618
1.21795073
1.21250297
0.80596217
1.01732144
0.24987770
0.20518243
1.17701937
0.67089952
0.57195335
1.26723421
1.15407603
1.06076642
1.21620367
1.78757579
1.33869138
1.49883709
1.01168143
1.02550723
1.28152901
0.50026044
1.76793219
1.92699131
1.08403455
0.84715514
1.28910402
0.62426835
0.57279226
0.85964075
0.88920553
1.57080973
0.54347257
1.44735026
0.65931173
1.39925464
-0.60465739
-1.20938040
-1.04185890
-1.35133092
-1.75264798
-1.74809485
-0.72953069
-0.38800643
-0.78806852
-0.68170334
-0.76644694
-0.55419476
-0.43852489
-0.56849802
-1.57648372
-1.46667688
-1.73993407
-1.46148645
-1.08024939
-0.77703567
-0.78218777
-1.54641305
-1.62541252
-1.10629053
-0.62906244
-0.72664578
-0.89020080
-0.78551637
-0.51184828
-1.13309484
-0.57277982
-0.61561554
-0.89237926
-1.43098317
-0.70689785
-0.83192416
-0.44829057
-1.19960585
-1.16667876
-0.70874596
-1.00933263
-0.65557527
0.00000000
0.20830340
0.19729369
-1.24598892
-0.63264953
-0.79070472
-0.30636212
-1.74716250
-1.49704945
-1.75157823
-1.39530891
-1.64806604
-1.45523209
-1.80689308
-1.49670365
-2.30465391
-1.52302774
-1.89012190
-1.26778413
-1.66151126
-2.39132125
-1.45490173
-2.03957504
-1.41051545
-2.15898147
-1.63019451
-2.26538143
-1.49828298
-2.27993216
-2.17431897
-1.98202271
-2.73970283
-1.98470408
-1.93649213
-2.16452344
-1.59367460
-1.89059955
-2.17038535
-1.56813797
-2.44009200
-2.08557661
-1.18709835
-1.91568861
-1.02418191
-1.15658612
-1.68204246
-2.06722502
-1.29252089
-1.46976171
-1.65177289
-1.47388970
-1.69229857
-1.17322167
-1.31491264
-1.33460707
-2.06670955
-1.57979441
-1.86033534
-1.35711177
-2.00981169
-1.65251340
-2.23963699
-2.29996825
-1.19086334
-2.29505634
-1.77690530
-2.07912693
-1.71508189
-2.21479237
-0.99655430
-2.07739628
-1.86531671
-2.44144371
-1.20452239
-1.92194796
-2.03124713
-2.30909266
-1.68254252
-1.27118772
-1.49766270
-0.08538737
-1.47797650
-1.78071829
-2.50163333
-1.55086692
-1.35548753
-2.38235224
-2.04020990
-2.17128259
-2.22293799
-1.99526074
-1.58656974
-1.52121003
-0.74445030
-1.35890444
-2.42744423
-1.32864925
-1.84756468
-1.64492165
-2.31278452
-1.21199736
-2.03426144
-0.89029741
-1.31947848
-0.25324025
-2.05709093
-0.18994623
-2.05803465
0.20009898
-1.68085372
-1.61063038
0.48300130
-1.39515984
-1.80576325
-2.22848547
-1.13340358
-1.76119102
-2.15015222
-1.67463612
-1.70801599
-1.55163116
-1.81271938
-1.98754488
-0.32564935
-2.03957641
-1.12779177
-2.94356267
0.25002894
-1.86605766
-2.02926721
0.12583051
-1.50050987
-1.41499338
-0.35285106
-0.80639106
-0.81435899
-1.37505430
-0.01592406
-1.73651321
-0.91626713
-1.46314486
-1.16363052
-1.00000379
-1.60916309
-0.67848816
0.24814111
-1.22049055
-0.50262710
-1.41326768
-2.61075643
-0.27903505
-1.22435348
-1.05703606
-1.89588476
-1.07870736
-0.75559283
-1.50900342
-1.69804835
-1.84198529
-1.15237090
-2.06679420
-1.69916053
-1.34237189
-0.38035261
-1.15388138
-1.12492426
-1.13922008
-0.55322536
-1.32939052
-0.88402968
-1.39419977
-1.96691366
-0.97845831
-1.29381629
-0.44438380
-1.08715334
-0.64981561
-1.86631818
-1.23844574
-1.19102766
-1.20420594
-1.43746356
-1.08975442
0.42296647
-1.68555346
-1.51010511
-1.30111096
-0.62605921
-0.43749809
-1.96051129
-1.14427021
-0.41023809
-0.89269565
-0.09054044
-0.82865550
-1.10537143
-0.60607625
-1.46750251
-0.89489501
-1.30013696
-0.63274240
-1.10005657
-1.95071975
-1.01362488
-1.95115860
-0.98804110
-0.58493460
-1.13714223
-0.88677952
-0.63924082
-0.05361386
-0.80119114
-1.47248280
-0.63258348
-1.11528727
-0.50788060
-0.33217868
-0.76084588
-1.04811345
-1.54187494
-0.22019386
0.29904756
-0.71747300
-1.12079102
-0.93410337
-0.97077366
-1.43748714
-0.83267605
-0.83364381
-1.05786137
-1.12474903
-1.33740720
-1.02278656
-1.46875417
-0.77885439
-0.59964659
-1.26278943
-1.28688696
-0.61990298
-1.21854599
-1.32918720
-1.00525541
-1.90558799
-0.70002079
-1.46090980
-1.00599419
-1.04644090
-0.52827408
-1.73147177
-1.35728898
-1.38967504
-0.92007419
-0.73745827
-1.63111595
-1.42906147
-0.72941386
-0.47220914
-0.59176583
